0.00045904	162259
0.00046928	160845
0.00047952	161957
0.00048976	162464
0.0005	161892
0.00051024	162604
0.00052048	163596
0.00053072	163233
0.00054096	165379
0.0005512	163066
0.00056144	165055
0.00057168	165414
0.00058192	165880
0.00059216	167761
0.0006024	167781
0.00061264	167625
0.00062288	167608
0.00063312	169934
0.00064336	169160
0.0006536	170648
0.00066384	171060
0.00067408	172896
0.00068432	173039
0.00069456	174486
0.0007048	176098
0.00071504	178672
0.00072528	177312
0.00073552	181525
0.00074576	183012
0.000756	184904
0.00076624	189879
0.00077648	192718
0.00078672	199170
0.00079696	206776
0.0008072	215546
0.00081744	231137
0.00082768	251248
0.00083792	284569
0.00084816	334844
0.0008584	407218
0.00086864	509754
0.00087888	648537
0.00088912	831553
0.00089936	1047130
0.0009096	1321416
0.00091984	1629283
0.00093008	1993305
0.00094032	2393096
0.00095056	2827223
0.0009608	3293219
0.00097104	3791824
0.00098128	4312159
0.00099152	4871047
0.00100176	5457649
0.001012	6066432
0.00102224	6695773
0.00103248	7352999
0.00104272	8031300
0.00105296	8744000
0.0010632	9452261
0.00107344	10204480
0.00108368	10956989
0.00109392	11726144
0.00110416	12508332
0.0011144	13295261
0.00112464	14112037
0.00113488	14932892
0.00114512	15750962
0.00115536	16580619
0.0011656	17421517
0.00117584	18247212
0.00118608	19104104
0.00119632	19957285
0.00120656	20814927
0.0012168	21680101
0.00122704	22528084
0.00123728	23392753
0.00124752	24273158
0.00125776	25137060
0.001268	26016952
0.00127824	26904525
0.00128848	27799436
0.00129872	28810332
0.00130896	29944074
0.0013192	30976839
0.00132944	31931888
0.00133968	32870154
0.00134992	33803419
0.00136016	34675989
0.0013704	35546529
0.00138064	36377533
0.00139088	37218294
0.00140112	38018694
0.00141136	38783584
0.0014216	39577515
0.00143184	40315984
0.00144208	41007164
0.00145232	41713147
0.00146256	42385190
0.0014728	43020678
0.00148304	43655438
0.00149328	44251103
0.00150352	44833660
0.00151376	45383233
0.001524	45890047
0.00153424	46417910
0.00154448	46881863
0.00155472	47357162
0.00156496	47794791
0.0015752	48201147
0.00158544	48552813
0.00159568	48935220
0.00160592	49231283
0.00161616	49572372
0.0016264	49853669
0.00163664	50070936
0.00164688	50258351
0.00165712	50448348
0.00166736	50593205
0.0016776	50700353
0.00168784	50760179
0.00169808	50798924
0.00170832	50794251
0.00171856	50824350
0.0017288	50828669
0.00173904	50783150
0.00174928	64406506
0.00208064	56478144
0.00209088	56017660
0.00210112	55678620
0.00211136	55336734
0.0021216	55065271
0.00213184	54864889
0.00214208	54688041
0.00215232	54495832
0.00216256	54347659
0.0021728	54242138
0.00218304	54079719
0.00219328	54027717
0.00220352	53920376
0.00221376	53788287
0.002224	53685269
0.00223424	53574555
0.00224448	53511491
0.00225472	53416325
0.00226496	53354886
0.0022752	53248891
0.00228544	53185112
0.00229568	53058956
0.00230592	52978314
0.00231616	52901116
0.0023264	52842091
0.00233664	52743622
0.00234688	52637101
0.00235712	52570517
0.00236736	52490824
0.0023776	52399838
0.00238784	52363504
0.00239808	52297975
0.00240832	52197105
0.00241856	52107511
0.0024288	52015005
0.00243904	51998230
0.00244928	51892524
0.00245952	51803123
0.00246976	51769067
0.00248	51710040
0.00249024	51644005
0.00250048	51629990
0.00251072	51585708
0.00252096	51554250
0.0025312	51502172
0.00254144	51438245
0.00255168	51391115
0.00256192	51335951
0.00257216	51283511
0.0025824	51189624
0.00259264	51124623
0.00260288	51049725
0.00261312	51004469
0.00262336	50914637
0.0026336	50873658
0.00264384	50797986
0.00265408	50690770
0.00266432	50616950
0.00267456	50557906
0.0026848	50449373
0.00269504	50344639
0.00270528	50342671
0.00271552	50218003
0.00272576	50141517
0.002736	50081539
0.00274624	50009731
0.00275648	49913697
0.00276672	49843471
0.00277696	49746304
0.0027872	49671489
0.00279744	49552037
0.00280768	49492155
0.00281792	49390880
0.00282816	49294967
0.0028384	49223873
0.00284864	49165413
0.00285888	49091112
0.00286912	49109588
0.00287936	49100655
0.0028896	49239326
0.00289984	49647911
0.00291008	50185230
0.00292032	50560483
0.00293056	50768941
0.0029408	50844698
0.00295104	50892048
0.00296128	50900006
0.00297152	50860578
0.00298176	50788955
0.002992	50699624
0.00300224	50617694
0.00301248	50533820
0.00302272	50382907
0.00303296	50302358
0.0030432	50229916
0.00305344	50096156
0.00306368	50009275
0.00307392	49896221
0.00308416	49732289
0.0030944	49624832
0.00310464	49510841
0.00311488	49362972
0.00312512	49272228
0.00313536	49136557
0.0031456	49003220
0.00315584	48870845
0.00316608	48750469
0.00317632	48643004
0.00318656	48509775
0.0031968	48412443
0.00320704	48294523
0.00321728	48132466
0.00322752	48059273
0.00323776	47913486
0.003248	47786261
0.00325824	47695984
0.00326848	47584104
0.00327872	47464320
0.00328896	47367419
0.0032992	47232247
0.00330944	47139930
0.00331968	47041847
0.00332992	46908034
0.00334016	46764717
0.0033504	46633098
0.00336064	46531368
0.00337088	46405924
0.00338112	46318643
0.00339136	46194536
0.0034016	46047814
0.00341184	45931403
0.00342208	45785764
0.00343232	45641494
0.00344256	45533330
0.0034528	45437248
0.00346304	45290782
0.00347328	45170439
0.00348352	45060216
0.00349376	44943389
0.003504	44806844
0.00351424	44686996
0.00352448	44552715
0.00353472	44473435
0.00354496	44337031
0.0035552	44216799
0.00356544	44077867
0.00357568	43961381
0.00358592	43851492
0.00359616	43720078
0.0036064	43585738
0.00361664	43455815
0.00362688	43350816
0.00363712	43239056
0.00364736	43121792
0.0036576	43010104
0.00366784	42884179
0.00367808	42751232
0.00368832	42685434
0.00369856	42525181
0.0037088	42404219
0.00371904	42294950
0.00372928	42181299
0.00373952	42073920
0.00374976	41906247
0.00376	41816685
0.00377024	41722058
0.00378048	41599388
0.00379072	41497591
0.00380096	41357475
0.0038112	41217117
0.00382144	41146782
0.00383168	40999519
0.00384192	40887298
0.00385216	40732500
0.0038624	40652038
0.00387264	40524453
0.00388288	40390942
0.00389312	40275492
0.00390336	40144472
0.0039136	40043706
0.00392384	39905553
0.00393408	39800794
0.00394432	39682727
0.00395456	39534702
0.0039648	39442957
0.00397504	39278538
0.00398528	39163087
0.00399552	39038123
0.00400576	38901208
0.004016	38790794
0.00402624	38649319
0.00403648	38544145
0.00404672	38383117
0.00405696	38280309
0.0040672	38181465
0.00407744	37999344
0.00408768	37854948
0.00409792	37747955
0.00410816	37603321
0.0041184	37482804
0.00412864	37374175
0.00413888	37241395
0.00414912	37117119
0.00415936	36989009
0.0041696	36884104
0.00417984	36736740
0.00419008	36636260
0.00420032	36516961
0.00421056	36407561
0.0042208	36306538
0.00423104	36171755
0.00424128	36080162
0.00425152	35946648
0.00426176	35817832
0.004272	35725079
0.00428224	35623604
0.00429248	35517909
0.00430272	35407293
0.00431296	35332570
0.0043232	35232078
0.00433344	35143941
0.00434368	35046535
0.00435392	34921728
0.00436416	34839255
0.0043744	34767009
0.00438464	34643292
0.00439488	34533865
0.00440512	34415218
0.00441536	34304027
0.0044256	34200760
0.00443584	34061511
0.00444608	33939802
0.00445632	33804628
0.00446656	33648853
0.0044768	33497268
0.00448704	33335045
0.00449728	33083208
0.00450752	32836641
0.00451776	32768075
0.004528	33151828
0.00453824	33764000
0.00454848	34240339
0.00455872	34525497
0.00456896	34675441
0.0045792	34757607
0.00458944	34779222
0.00459968	34754778
0.00460992	34729121
0.00462016	34684029
0.0046304	34605182
0.00464064	34553342
0.00465088	34475456
0.00466112	34416541
0.00467136	34351770
0.0046816	34290431
0.00469184	34164985
0.00470208	34100388
0.00471232	34026311
0.00472256	33944753
0.0047328	33857403
0.00474304	33753707
0.00475328	33678115
0.00476352	33578341
0.00477376	33499811
0.004784	33424652
0.00479424	33339943
0.00480448	33264686
0.00481472	33176481
0.00482496	33090075
0.0048352	33008590
0.00484544	32925150
0.00485568	32845366
0.00486592	32759220
0.00487616	32672264
0.0048864	32600832
0.00489664	32520726
0.00490688	32430614
0.00491712	32348278
0.00492736	32248591
0.0049376	32164474
0.00494784	32084888
0.00495808	32011473
0.00496832	31948318
0.00497856	31825487
0.0049888	31760326
0.00499904	31680122
0.00500928	31595178
0.00501952	31507596
0.00502976	31433250
0.00504	31366689
0.00505024	31282136
0.00506048	31197229
0.00507072	31111851
0.00508096	31045438
0.0050912	30956453
0.00510144	30870015
0.00511168	30803384
0.00512192	30728290
0.00513216	30634571
0.0051424	30555302
0.00515264	30483902
0.00516288	30398971
0.00517312	30335941
0.00518336	30237070
0.0051936	34512930
0.00552128	47244343
0.00553152	43552783
0.00554176	43188930
0.005552	42863837
0.00556224	42575855
0.00557248	42324547
0.00558272	42091921
0.00559296	41926172
0.0056032	41714167
0.00561344	41586157
0.00562368	41459585
0.00563392	41267575
0.00564416	41188476
0.0056544	41051454
0.00566464	40920199
0.00567488	40806491
0.00568512	40683523
0.00569536	40548035
0.0057056	40473665
0.00571584	40319916
0.00572608	40243938
0.00573632	40137622
0.00574656	40037641
0.0057568	39950352
0.00576704	39826380
0.00577728	39708094
0.00578752	39596101
0.00579776	39540627
0.005808	39401158
0.00581824	39325569
0.00582848	39210258
0.00583872	39105654
0.00584896	39008481
0.0058592	38919051
0.00586944	38785075
0.00587968	38715198
0.00588992	38591142
0.00590016	38507323
0.0059104	38441456
0.00592064	38336767
0.00593088	38214410
0.00594112	38128740
0.00595136	38043356
0.0059616	37911675
0.00597184	37840459
0.00598208	37741361
0.00599232	37651491
0.00600256	37532395
0.0060128	37458649
0.00602304	37344374
0.00603328	37278481
0.00604352	37197334
0.00605376	37084457
0.006064	36980800
0.00607424	36880899
0.00608448	36784497
0.00609472	36702093
0.00610496	36605667
0.0061152	36482703
0.00612544	36415824
0.00613568	36286698
0.00614592	36195653
0.00615616	36111519
0.0061664	36008023
0.00617664	35927985
0.00618688	35834343
0.00619712	35737419
0.00620736	35629374
0.0062176	35543755
0.00622784	35421329
0.00623808	35383278
0.00624832	35274703
0.00625856	35187346
0.0062688	35099928
0.00627904	35005038
0.00628928	34910570
0.00629952	34845633
0.00630976	34735224
0.00632	34635175
0.00633024	34575972
0.00634048	34471024
0.00635072	34378988
0.00636096	34292933
0.0063712	34205301
0.00638144	34114444
0.00639168	34004584
0.00640192	33934090
0.00641216	33848282
0.0064224	33754594
0.00643264	33699828
0.00644288	33564395
0.00645312	33479054
0.00646336	33392156
0.0064736	33291024
0.00648384	33188096
0.00649408	33138854
0.00650432	33034126
0.00651456	32939152
0.0065248	32899949
0.00653504	32771997
0.00654528	32705783
0.00655552	32630642
0.00656576	32521241
0.006576	32444854
0.00658624	32367897
0.00659648	32267330
0.00660672	32189639
0.00661696	32095888
0.0066272	32013627
0.00663744	31927179
0.00664768	31849660
0.00665792	31742344
0.00666816	31679787
0.0066784	31600206
0.00668864	31535604
0.00669888	31421107
0.00670912	31346753
0.00671936	31250789
0.0067296	31190685
0.00673984	31122980
0.00675008	31061734
0.00676032	30995371
0.00677056	30884210
0.0067808	30828165
0.00679104	30708384
0.00680128	30686706
0.00681152	30575416
0.00682176	30502589
0.006832	30442931
0.00684224	30356022
0.00685248	30270824
0.00686272	30218984
0.00687296	30158385
0.0068832	30084051
0.00689344	29989590
0.00690368	29937232
0.00691392	29879510
0.00692416	29801455
0.0069344	29753381
0.00694464	29664870
0.00695488	29607564
0.00696512	29529042
0.00697536	29462908
0.0069856	29410358
0.00699584	29331305
0.00700608	29280472
0.00701632	29231690
0.00702656	29166519
0.0070368	29114896
0.00704704	29049352
0.00705728	28991891
0.00706752	28940287
0.00707776	28853026
0.007088	28798414
0.00709824	28762002
0.00710848	28683605
0.00711872	28637747
0.00712896	28560970
0.0071392	28516656
0.00714944	28492262
0.00715968	28390084
0.00716992	28347931
0.00718016	28300861
0.0071904	28253209
0.00720064	28176969
0.00721088	28157748
0.00722112	28066079
0.00723136	28019168
0.0072416	27962689
0.00725184	27919317
0.00726208	27872940
0.00727232	27807058
0.00728256	27765575
0.0072928	27697327
0.00730304	27648983
0.00731328	27599160
0.00732352	27559196
0.00733376	27485781
0.007344	27422558
0.00735424	27353944
0.00736448	27309280
0.00737472	27255157
0.00738496	27206305
0.0073952	27168889
0.00740544	27104049
0.00741568	27045335
0.00742592	27005369
0.00743616	26950643
0.0074464	26891114
0.00745664	26838568
0.00746688	26770170
0.00747712	26708337
0.00748736	26689348
0.0074976	26615498
0.00750784	26557614
0.00751808	26487838
0.00752832	26434554
0.00753856	26357105
0.0075488	26290284
0.00755904	26235884
0.00756928	26224345
0.00757952	26120693
0.00758976	26095456
0.0076	26002620
0.00761024	25953830
0.00762048	25913394
0.00763072	25819701
0.00764096	25770538
0.0076512	25717867
0.00766144	25669137
0.00767168	25591875
0.00768192	25540726
0.00769216	28858869
0.00802192	31611690
0.00803216	29192485
0.0080424	28963680
0.00805264	28724701
0.00806288	28557677
0.00807312	28427744
0.00808336	28237864
0.0080936	28109533
0.00810384	28002904
0.00811408	27903322
0.00812432	27799752
0.00813456	27709006
0.0081448	27607782
0.00815504	27525508
0.00816528	27403616
0.00817552	27328663
0.00818576	27248183
0.008196	27166584
0.00820624	27051194
0.00821648	26990013
0.00822672	26856717
0.00823696	26771463
0.0082472	26713440
0.00825744	26615735
0.00826768	26542954
0.00827792	26419160
0.00828816	26375650
0.0082984	26248173
0.00830864	26140819
0.00831888	26066136
0.00832912	25972360
0.00833936	25892154
0.0083496	25787695
0.00835984	25702258
0.00837008	25628432
0.00838032	25514607
0.00839056	25431162
0.0084008	25357187
0.00841104	25262264
0.00842128	25152835
0.00843152	25083997
0.00844176	24969776
0.008452	24909746
0.00846224	24820090
0.00847248	24682592
0.00848272	24608302
0.00849296	24500819
0.0085032	24417994
0.00851344	24321871
0.00852368	24224533
0.00853392	24144695
0.00854416	24061442
0.0085544	23944681
0.00856464	23861260
0.00857488	23780362
0.00858512	23664983
0.00859536	23595527
0.0086056	23475175
0.00861584	23400701
0.00862608	23295454
0.00863632	23178681
0.00864656	23088015
0.0086568	22983603
0.00866704	22873476
0.00867728	22770076
0.00868752	22673910
0.00869776	22569486
0.008708	22458121
0.00871824	22374346
0.00872848	22253332
0.00873872	22144131
0.00874896	22010612
0.0087592	21912687
0.00876944	21818793
0.00877968	21711516
0.00878992	21589159
0.00880016	21484403
0.0088104	21386383
0.00882064	21256925
0.00883088	21134748
0.00884112	21067552
0.00885136	20970521
0.0088616	20865575
0.00887184	20741572
0.00888208	20654886
0.00889232	20537465
0.00890256	20445656
0.0089128	20343479
0.00892304	20250227
0.00893328	20161336
0.00894352	20059747
0.00895376	19932235
0.008964	19850549
0.00897424	19766528
0.00898448	19651949
0.00899472	19566893
0.00900496	19482921
0.0090152	19376966
0.00902544	19298857
0.00903568	19218603
0.00904592	19118833
0.00905616	19019977
0.0090664	18925592
0.00907664	18978343
0.00908688	19251586
0.00909712	19804557
0.00910736	20553818
0.0091176	21304573
0.00912784	21936851
0.00913808	22451300
0.00914832	22833900
0.00915856	23146056
0.0091688	23341787
0.00917904	23501864
0.00918928	23610680
0.00919952	23697416
0.00920976	23728081
0.00922	23760565
0.00923024	23785269
0.00924048	23783733
0.00925072	23795302
0.00926096	23778825
0.0092712	23751426
0.00928144	23702467
0.00929168	23697807
0.00930192	23642034
0.00931216	23588367
0.0093224	23576142
0.00933264	23533002
0.00934288	23458603
0.00935312	23432264
0.00936336	23376214
0.0093736	23336432
0.00938384	23276567
0.00939408	23248709
0.00940432	23214780
0.00941456	23177571
0.0094248	23119309
0.00943504	23085592
0.00944528	23026999
0.00945552	22981153
0.00946576	22957855
0.009476	22937672
0.00948624	22866608
0.00949648	22837054
0.00950672	22802610
0.00951696	22760942
0.0095272	22737999
0.00953744	22731023
0.00954768	22663502
0.00955792	22613235
0.00956816	22589170
0.0095784	22573402
0.00958864	22536016
0.00959888	22479828
0.00960912	22470767
0.00961936	22426080
0.0096296	22405547
0.00963984	22362995
0.00965008	22320816
0.00966032	22298548
0.00967056	22293504
0.0096808	22266675
0.00969104	22242049
0.00970128	22240357
0.00971152	22197935
0.00972176	22177623
0.009732	22159034
0.00974224	22136219
0.00975248	22112463
0.00976272	22075992
0.00977296	22066562
0.0097832	22063161
0.00979344	22031156
0.00980368	22001578
0.00981392	21976706
0.00982416	21965436
0.0098344	21955106
0.00984464	21936483
0.00985488	21906999
0.00986512	21918107
0.00987536	21895294
0.0098856	21904406
0.00989584	21882724
0.00990608	21850495
0.00991632	21830683
0.00992656	21834176
0.0099368	21826792
0.00994704	21811627
0.00995728	21775485
0.00996752	21768652
0.00997776	21769215
0.009988	21761244
0.00999824	21719395
0.0100085	21705052
0.0100187	21663277
0.010029	21654691
0.0100392	21633826
0.0100494	21595068
0.0100597	21609235
0.0100699	21546908
0.0100802	21535508
0.0100904	21532402
0.0101006	21493493
0.0101109	21463380
0.0101211	21433827
0.0101314	21418354
0.0101416	21383915
0.0101518	21374632
0.0101621	22083363
0.0101723	21551832
0.0101826	21443370
0.0101928	21342250
0.010203	21315036
0.0102133	21271156
0.0102235	21197379
0.0102338	21164450
0.010244	21138696
0.0102542	21108807
0.0102645	21088062
0.0102747	21037907
0.010285	21003467
0.0102952	20993144
0.0103054	20976837
0.0103157	20958022
0.0103259	20894039
0.0103362	20906539
0.0103464	20850256
0.0103566	20824224
0.0103669	20809370
0.0103771	20768672
0.0103874	20745742
0.0103976	20703257
0.0104078	20682074
0.0104181	20658817
0.0104283	20664802
0.0104386	20642297
0.0104488	20610492
0.010459	20628723
0.0104693	20641748
0.0104795	20648250
0.0104898	20677397
0.0105	20732011
0.0105102	20747732
0.0105205	20793208
0.0105307	20854977
0.010541	20926967
0.0105512	21001309
0.0105614	21054791
0.0105717	21124714
0.0105819	21177988
0.0105922	21250921
0.0106024	21298058
0.0106126	21352301
0.0106229	21392677
0.0106331	21453170
0.0106434	21508182
0.0106536	21528765
0.0106638	21550696
0.0106741	21569037
0.0106843	21604344
0.0106946	21613893
0.0107048	21616318
0.010715	21607743
0.0107253	21637017
0.0107355	21619155
0.0107458	21629055
0.010756	21620221
0.0107662	21593506
0.0107765	21587283
0.0107867	21346133
